((("index" .
   [6 0 0 0 1])
  ("min" .
   [5 0 0])
  ("e" .
   [1])
  ("score_Hana" .
   [1 0 0 1 0 2 0 0 0 0])
  ("score_Taro" .
   [0 0 0 1 0 1 1 0 0 1])
  ("score_Taaro" .
   [0 0 0 1 0 0 0 0 0 0 0])
  ("str_Taro" .
   [0 0 0 12 0 0 0 0])
  ("str_T" .
   [1 0 0 0 0])
  ("str_Hana" .
   [2 0 0 6 0 0 0 0])
  ("nin" .
   [2 0 0])
  ("sum" .
   [4 0 0])
  ("j" .
   [23])
  ("in" .
   [1 0])
  ("buf" .
   [14 0 2])
  ("n" .
   [22])
  ("Atoi" .
   [1 0 0 1])
  ("a" .
   [17])
  ("b" .
   [12])
  ("swap" .
   [5 0 0 1])
  ("i" .
   [41])
  ("main" .
   [15 0 0 0])
  ("package" .
   [0 0 2 0 0 3 1])
  ("Errorf" .
   [1 0 0 0 0 0])
  ("range" .
   [0 0 0 1 0])
  ("interface" .
   [0 0 0 3 0 0 0 0 0])
  ("temp" .
   [0 0 1 0])
  ("len" .
   [13 0 1])
  ("int" .
   [20 0 0])
  ("number" .
   [0 0 0 1 0 0])
  ("ScanedLinetoFloat64Slice" .
   [0 1 0 0 0 0 0 0 0 0 0 0 0 0 0 0 0 0 0 0 0 0 0 0])
  ("float64" .
   [0 0 0 3 0 3 0])
  ("ScanLinetoFloat64" .
   [1 0 0 0 0 0 0 0 0 0 0 0 0 0 0 0 0])
  ("ScanLine" .
   [1 0 0 0 0 0 0 0])
  ("ScanLi" .
   [1 0 0 0 0 0])
  ("ScanLn" .
   [1 0 0 0 0 0])
  ("ScanLinetoNum" .
   [1 0 0 0 0 0 0 0 0 0 0 0 0])
  ("ScanLineto" .
   [1 0 0 0 0 0 0 0 0 0])
  ("func" .
   [0 0 3 5])
  ("ParseFloat" .
   [0 0 1 0 0 0 0 0 0 0])
  ("v" .
   [4])
  ("numbers" .
   [7 3 8 10 0 0 0])
  ("line" .
   [2 0 0 0])
  ("Text" .
   [1 0 0 0])
  ("Scan" .
   [2 0 0 4])
  ("Print" .
   [0 4 0 0 1])
  ("Println" .
   [7 4 0 0 3 0 1])
  ("fmt" .
   [6 1 3])
  ("Printf" .
   [7 2 1 1 4 1])
  ("Scanf" .
   [1 1 0 0 0])
  ("num" .
   [11 0 0])
  ("Scanln" .
   [4 5 0 0 0 0])
  ("c" .
   [2])
  ("count" .
   [3 0 0 0 1])
  ("W" .
   [4])
  ("bufio" .
   [1 0 0 0 0])
  ("H" .
   [2])
  ("in_n" .
   [2 1 1 0])
  ("x" .
   [10])
  ("add-name-to-file" .
   [0 0 0 1 0 0 0 0 0 0 0 0 0 0 0 0])
  ("import" .
   [0 0 0 0 2 0])
  ("words" .
   [3 0 1 1 0])
  ("_" .
   [3])
  ("in_string" .
   [0 0 0 0 1 0 0 0 1])
  ("word" .
   [3 0 0 0])
  ("strings" .
   [0 0 0 0 0 0 1])
  ("Trim" .
   [1 0 0 0])
  ("s" .
   [1])
  ("make" .
   [1 0 0 0])
  ("string" .
   [7 0 0 0 0 0])
  ("all_words" .
   [0 0 0 4 1 0 0 0 0])
  ("trimed_word" .
   [0 0 0 0 0 1 0 0 0 0 0])
  ("search_word" .
   [0 0 0 2 0 0 0 0 0 0 0])
  ("scanner" .
   [0 1 0 0 0 0 0])
  ("u2l" .
   [0 1 1])
  ("u2lword" .
   [0 0 0 1 2 0 0])
  ("r" .
   [1])
  ("p" .
   [1])))
